0.031485	0.031485	
0.406485	0.406485	
0.531485	0.531485	
0.739819	0.739819	
1.073152	1.073152	
1.198152	1.198152	
1.489819	1.489819	
1.823152	1.823152	
1.948152	1.948152	
2.198152	2.198152	
2.656485	2.656485	
2.906485	2.906485	
3.198152	3.198152	
3.281485	3.281485	
3.573152	3.573152	
3.864819	3.864819	
3.989819	3.989819	
4.239819	4.239819	
4.573152	4.573152	
4.698152	4.698152	
4.989819	4.989819	
5.614819	5.614819	
5.948152	5.948152	
6.073152	6.073152	
6.323152	6.323152	
6.656485	6.656485	
6.781485	6.781485	
7.031485	7.031485	
7.323152	7.323152	
7.448152	7.448152	
7.739819	7.739819	
8.156485	8.156485	
8.406485	8.406485	
8.698152	8.698152	
8.823152	8.823152	
9.114819	9.114819	
9.448152	9.448152	
9.531485	9.531485	
9.823152	9.823152	
10.114819	10.114819	
10.239819	10.239819	
10.531485	10.531485	
11.156485	11.156485	
11.448152	11.448152	
11.614819	11.614819	
11.864819	11.864819	
12.156485	12.156485	
12.281485	12.281485	
12.573152	12.573152	
12.864819	12.864819	
13.031485	13.031485	
13.281485	13.281485	
13.739819	13.739819	
13.948152	13.948152	
14.281485	14.281485	
14.406485	14.406485	
14.656485	14.656485	
14.948152	14.948152	
15.073152	15.073152	
15.323152	15.323152	
15.656485	15.656485	
15.781485	15.781485	
16.073152	16.073152	
16.698152	16.698152	
16.989819	16.989819	
17.114819	17.114819	
17.364819	17.364819	
17.698152	17.698152	
17.823152	17.823152	
18.114819	18.114819	
18.448152	18.448152	
18.531485	18.531485	
18.823152	18.823152	
19.281485	19.281485	
19.531485	19.531485	
19.781485	19.781485	
19.948152	19.948152	
20.198152	20.198152	
20.531485	20.531485	
20.656485	20.656485	
20.864819	20.864819	
21.198152	21.198152	
21.364819	21.364819	
21.531485	21.531485	
22.239819	22.239819	
22.531485	22.531485	
22.698152	22.698152	
22.948152	22.948152	
23.281485	23.281485	
23.448152	23.448152	
23.698152	23.698152	
23.989819	23.989819	
24.114819	24.114819	
24.364819	24.364819	
24.823152	24.823152	
25.073152	25.073152	
25.364819	25.364819	
25.489819	25.489819	
25.739819	25.739819	
26.031485	26.031485	
26.156485	26.156485	
26.406485	26.406485	
26.781485	26.781485	
26.906485	26.906485	
27.156485	27.156485	
27.781485	27.781485	
28.073152	28.073152	
28.239819	28.239819	
28.489819	28.489819	
28.823152	28.823152	
28.948152	28.948152	
29.239819	29.239819	
29.573152	29.573152	
29.698152	29.698152	
29.948152	29.948152	
30.364819	30.364819	
30.573152	30.573152	
30.864819	30.864819	
30.989819	30.989819	
31.239819	31.239819	
31.614819	31.614819	
31.698152	31.698152	
31.989819	31.989819	
32.281485	32.281485	
32.406485	32.406485	
32.656485	32.656485	
33.323152	33.323152	
33.656485	33.656485	
33.781485	33.781485	
34.031485	34.031485	
34.364819	34.364819	
34.489819	34.489819	
34.698152	34.698152	
35.031485	35.031485	
35.198152	35.198152	
35.448152	35.448152	
35.906485	35.906485	
36.114819	36.114819	
36.448152	36.448152	
36.531485	36.531485	
36.823152	36.823152	
37.073152	37.073152	
37.239819	37.239819	
37.489819	37.489819	
37.781485	37.781485	
37.906485	37.906485	
38.239819	38.239819	
38.823152	38.823152	
39.198152	39.198152	
39.323152	39.323152	
39.614819	39.614819	
39.906485	39.906485	
40.031485	40.031485	
40.281485	40.281485	
40.573152	40.573152	
40.739819	40.739819	
40.948152	40.948152	
41.406485	41.406485	
41.656485	41.656485	
41.948152	41.948152	
42.114819	42.114819	
42.323152	42.323152	
42.698152	42.698152	
42.823152	42.823152	
43.073152	43.073152	
43.364819	43.364819	
43.489819	43.489819	
43.781485	43.781485	
44.364819	44.364819	
44.739819	44.739819	
44.864819	44.864819	
45.073152	45.073152	
45.406485	45.406485	
45.531485	45.531485	
45.781485	45.781485	
46.114819	46.114819	
46.239819	46.239819	
46.531485	46.531485	
46.989819	46.989819	
47.156485	47.156485	
47.531485	47.531485	
47.656485	47.656485	
47.864819	47.864819	
48.198152	48.198152	
48.364819	48.364819	
48.573152	48.573152	
48.906485	48.906485	
49.031485	49.031485	
49.281485	49.281485	
49.906485	49.906485	
50.239819	50.239819	
50.364819	50.364819	
50.614819	50.614819	
50.989819	50.989819	
51.114819	51.114819	
51.364819	51.364819	
51.656485	51.656485	
51.781485	51.781485	
52.031485	52.031485	
52.489819	52.489819	
52.739819	52.739819	
53.031485	53.031485	
53.156485	53.156485	
53.448152	53.448152	
53.781485	53.781485	
53.864819	53.864819	
54.156485	54.156485	
54.448152	54.448152	
54.573152	54.573152	
54.823152	54.823152	
55.489819	55.489819	
55.823152	55.823152	
55.989819	55.989819	
56.198152	56.198152	
56.531485	56.531485	
56.656485	56.656485	
56.906485	56.906485	
57.198152	57.198152	
57.323152	57.323152	
57.614819	57.614819	
58.114819	58.114819	
58.281485	58.281485	
58.573152	58.573152	
58.739819	58.739819	
58.948152	58.948152	
59.281485	59.281485	
59.406485	59.406485	
59.656485	59.656485	
59.989819	59.989819	
60.114819	60.114819	
60.364819	60.364819	
60.989819	60.989819	
61.281485	61.281485	
61.448152	61.448152	
61.698152	61.698152	
62.031485	62.031485	
62.156485	62.156485	
62.406485	62.406485	
62.739819	62.739819	
62.864819	62.864819	
63.114819	63.114819	
63.573152	63.573152	
63.781485	63.781485	
64.114819	64.114819	
64.239819	64.239819	
64.489819	64.489819	
64.781485	64.781485	
64.906485	64.906485	
65.198152	65.198152	
65.489819	65.489819	
65.614819	65.614819	
65.906485	65.906485	
66.614819	66.614819	
66.864819	66.864819	
66.989819	66.989819	
67.239819	67.239819	
67.614819	67.614819	
67.739819	67.739819	
67.948152	67.948152	
68.239819	68.239819	
68.406485	68.406485	
68.614819	68.614819	
69.114819	69.114819	
69.323152	69.323152	
69.614819	69.614819	
69.739819	69.739819	
70.031485	70.031485	
70.364819	70.364819	
70.489819	70.489819	
70.739819	70.739819	
71.073152	71.073152	
71.198152	71.198152	
71.448152	71.448152	
72.114819	72.114819	
72.406485	72.406485	
72.531485	72.531485	
72.781485	72.781485	
73.114819	73.114819	
73.239819	73.239819	
73.489819	73.489819	
73.823152	73.823152	
73.948152	73.948152	
74.198152	74.198152	
74.614819	74.614819	
74.864819	74.864819	
75.198152	75.198152	
75.281485	75.281485	
75.531485	75.531485	
75.864819	75.864819	
75.989819	75.989819	
76.239819	76.239819	
76.573152	76.573152	
76.739819	76.739819	
76.989819	76.989819	 
77.623588	77.623588	
77.956922	77.956922	
78.081922	78.081922	
78.331922	78.331922	
78.623588	78.623588	
78.790255	78.790255	
78.998588	78.998588	
79.331922	79.331922	
79.456922	79.456922	
79.706922	79.706922	
80.206922	80.206922	
80.415255	80.415255	
80.748588	80.748588	
80.873588	80.873588	
81.123588	81.123588	
81.415255	81.415255	
81.540255	81.540255	
81.790255	81.790255	
82.123588	82.123588	
82.373588	82.373588	
82.498588	82.498588	
83.165255	83.165255	
83.456922	83.456922	
83.623588	83.623588	
83.873588	83.873588	
84.206922	84.206922	
84.331922	84.331922	
84.581922	84.581922	
84.915255	84.915255	
85.040255	85.040255	
85.248588	85.248588	
85.748588	85.748588	
85.956922	85.956922	
86.290255	86.290255	
86.415255	86.415255	
86.665255	86.665255	
86.998588	86.998588	
87.123588	87.123588	
87.373588	87.373588	
87.623588	87.623588	
87.790255	87.790255	
88.040255	88.040255	
88.665255	88.665255	
89.081922	89.081922	
89.206922	89.206922	
89.456922	89.456922	
89.831922	89.831922	
90.081922	90.081922	
90.748588	90.748588	
91.415255	91.415255	
92.123588	92.123588	
